     1	1 2
     2	2 3
     3	2 17
     4	3 4
     5	4 5
     6	4 855
     7	6 7
     8	6 880
     9	7 8
    10	7 22
    11	7 23
    12	7 411
    13	7 453
    14	7 454
    15	7 889
    16	8 9
    17	8 479
    18	8 480
    19	8 561
    20	9 10
    21	9 537
    22	9 561
    23	9 1074
    24	10 11
    25	10 536
    26	10 561
    27	11 12
    28	11 560
    29	12 13
    30	12 27
    31	12 30
    32	12 559
    33	13 14
    34	13 596
    35	13 1138
    36	14 34
    37	15 16
    38	16 17
    39	17 18
    40	18 19
    41	18 823
    42	19 20
    43	19 388
    44	19 389
    45	19 627
    46	20 21
    47	22 409
    48	22 885
    49	23 24
    50	23 537
    51	23 538
    52	23 1078
    53	23 1109
    54	24 25
    55	24 1110
    56	25 26
    57	26 27
    58	27 28
    59	27 561
    60	28 29
    61	29 30
    62	30 31
    63	31 32
    64	32 33
    65	33 34
    66	34 1159
    67	35 36
    68	35 392
    69	36 37
    70	36 631
    71	37 38
    72	37 628
    73	37 863
    74	37 1011
    75	38 39
    76	39 40
    77	39 412
    78	39 413
    79	39 628
    80	39 875
    81	39 876
    82	39 881
    83	40 41
    84	41 42
    85	42 43
    86	42 876
    87	42 881
    88	42 882
    89	43 44
    90	43 50
    91	43 51
    92	43 411
    93	43 454
    94	43 455
    95	44 45
    96	45 46
    97	45 888
    98	46 47
    99	46 485
   100	46 889
   101	46 1036
   102	47 48
   103	47 73
   104	47 486
   105	47 890
   106	48 49
   107	48 74
   108	49 50
   109	49 485
   110	49 629
   111	50 51
   112	50 629
   113	51 52
   114	51 538
   115	51 901
   116	52 53
   117	53 54
   118	53 629
   119	54 55
   120	54 540
   121	55 56
   122	56 57
   123	56 540
   124	56 541
   125	56 912
   126	57 86
   127	57 541
   128	57 562
   129	58 59
   130	59 60
   131	61 62
   132	62 63
   133	62 1144
   134	64 65
   135	64 394
   136	64 411
   137	64 842
   138	65 66
   139	65 393
   140	65 394
   141	65 1012
   142	66 67
   143	67 68
   144	68 69
   145	68 669
   146	68 863
   147	69 70
   148	69 414
   149	69 415
   150	69 630
   151	69 633
   152	70 71
   153	70 417
   154	70 456
   155	70 670
   156	70 879
   157	71 72
   158	72 73
   159	72 671
   160	72 888
   161	73 1037
   162	74 75
   163	75 76
   164	75 486
   165	76 77
   166	77 78
   167	77 677
   168	78 79
   169	79 80
   170	80 81
   171	81 82
   172	81 540
   173	81 541
   174	81 542
   175	81 904
   176	82 83
   177	83 84
   178	83 632
   179	84 85
   180	84 115
   181	84 116
   182	85 86
   183	85 914
   184	86 154
   185	86 1143
   186	87 88
   187	88 89
   188	89 90
   189	90 91
   190	90 604
   191	90 798
   192	91 92
   193	92 93
   194	93 374
   195	93 375
   196	93 600
   197	94 95
   198	95 96
   199	95 668
   200	96 97
   201	97 98
   202	98 99
   203	99 100
   204	100 101
   205	100 137
   206	100 633
   207	100 681
   208	101 102
   209	101 397
   210	101 398
   211	102 103
   212	103 104
   213	103 669
   214	104 105
   215	105 106
   216	105 670
   217	105 671
   218	105 673
   219	106 107
   220	106 457
   221	106 458
   222	106 693
   223	106 891
   224	107 108
   225	107 144
   226	107 673
   227	107 674
   228	107 695
   229	107 1040
   230	107 1044
   231	108 109
   232	108 496
   233	109 110
   234	109 1079
   235	110 111
   236	110 493
   237	110 494
   238	110 495
   239	110 1042
   240	111 112
   241	112 113
   242	112 905
   243	113 114
   244	114 115
   245	115 149
   246	115 542
   247	116 117
   248	117 118
   249	117 150
   250	117 151
   251	118 119
   252	119 120
   253	120 121
   254	120 1145
   255	121 122
   256	121 1145
   257	122 123
   258	122 1150
   259	123 124
   260	123 1149
   261	125 126
   262	125 573
   263	126 127
   264	126 1161
   265	127 128
   266	128 572
   267	129 130
   268	130 131
   269	130 164
   270	130 372
   271	131 132
   272	132 133
   273	133 134
   274	133 678
   275	134 135
   276	136 137
   277	136 681
   278	136 843
   279	137 138
   280	137 169
   281	137 171
   282	137 399
   283	137 690
   284	137 994
   285	138 139
   286	138 864
   287	139 140
   288	139 422
   289	139 423
   290	140 141
   291	141 142
   292	141 178
   293	141 179
   294	141 459
   295	141 687
   296	141 715
   297	142 143
   298	143 144
   299	143 497
   300	143 498
   301	143 893
   302	144 145
   303	144 496
   304	144 497
   305	144 1080
   306	145 146
   307	145 701
   308	145 906
   309	145 907
   310	146 147
   311	147 148
   312	148 149
   313	148 543
   314	149 150
   315	151 152
   316	152 153
   317	152 917
   318	153 154
   319	154 155
   320	155 156
   321	155 1146
   322	156 157
   323	156 576
   324	157 576
   325	158 159
   326	158 577
   327	159 160
   328	160 161
   329	160 210
   330	161 162
   331	162 163
   332	163 212
   333	164 165
   334	164 373
   335	164 599
   336	164 844
   337	166 167
   338	167 168
   339	168 169
   340	168 856
   341	169 170
   342	170 171
   343	171 172
   344	171 400
   345	172 173
   346	173 174
   347	173 423
   348	173 424
   349	173 864
   350	174 175
   351	175 176
   352	176 177
   353	177 178
   354	177 715
   355	177 1030
   356	179 180
   357	179 499
   358	180 181
   359	180 460
   360	180 499
   361	180 1031
   362	180 1032
   363	181 182
   364	181 234
   365	181 235
   366	181 499
   367	181 735
   368	181 1049
   369	182 183
   370	183 184
   371	184 185
   372	185 186
   373	186 187
   374	186 188
   375	186 718
   376	187 188
   377	187 1083
   378	188 189
   379	188 545
   380	188 546
   381	188 699
   382	189 190
   383	189 719
   384	190 191
   385	190 543
   386	190 1113
   387	191 192
   388	191 719
   389	192 193
   390	192 194
   391	193 194
   392	193 1153
   393	194 195
   394	194 196
   395	194 1116
   396	195 196
   397	195 1124
   398	196 197
   399	196 241
   400	196 1153
   401	197 198
   402	197 242
   403	197 243
   404	198 199
   405	199 200
   406	200 201
   407	201 202
   408	202 203
   409	203 204
   410	203 246
   411	203 577
   412	204 205
   413	204 206
   414	204 247
   415	204 931
   416	204 932
   417	205 206
   418	206 207
   419	206 248
   420	206 1170
   421	207 208
   422	208 209
   423	210 211
   424	211 212
   425	211 933
   426	212 1171
   427	213 214
   428	214 249
   429	215 216
   430	216 217
   431	217 218
   432	217 288
   433	217 616
   434	218 219
   435	219 220
   436	220 221
   437	221 222
   438	221 703
   439	222 223
   440	223 224
   441	223 802
   442	224 225
   443	224 808
   444	225 226
   445	225 708
   446	225 709
   447	226 227
   448	227 228
   449	228 811
   450	228 834
   451	228 835
   452	229 230
   453	229 730
   454	229 731
   455	229 858
   456	230 231
   457	230 400
   458	231 232
   459	232 233
   460	232 401
   461	232 424
   462	233 234
   463	233 427
   464	233 428
   465	233 1033
   466	234 1031
   467	235 236
   468	235 1051
   469	236 237
   470	236 501
   471	236 502
   472	236 717
   473	236 718
   474	236 720
   475	236 735
   476	237 238
   477	237 910
   478	238 239
   479	238 1092
   480	239 240
   481	240 241
   482	240 546
   483	240 547
   484	240 1118
   485	241 242
   486	241 549
   487	241 563
   488	242 1154
   489	243 244
   490	244 245
   491	245 246
   492	246 247
   493	246 276
   494	246 747
   495	249 250
   496	250 251
   497	252 253
   498	252 1009
   499	253 254
   500	253 401
   501	253 711
   502	253 995
   503	254 255
   504	254 403
   505	254 860
   506	254 995
   507	255 256
   508	256 257
   509	257 258
   510	258 259
   511	259 260
   512	259 466
   513	259 467
   514	260 261
   515	261 262
   516	262 263
   517	262 748
   518	262 894
   519	263 264
   520	264 265
   521	264 510
   522	265 266
   523	265 509
   524	265 512
   525	265 551
   526	265 753
   527	266 267
   528	267 268
   529	267 552
   530	268 269
   531	268 754
   532	269 270
   533	269 553
   534	269 1125
   535	270 271
   536	270 760
   537	270 1126
   538	271 272
   539	272 273
   540	273 274
   541	274 275
   542	275 276
   543	276 578
   544	277 278
   545	277 284
   546	277 290
   547	277 378
   548	277 837
   549	278 279
   550	278 711
   551	279 280
   552	279 1008
   553	280 281
   554	280 287
   555	280 292
   556	280 433
   557	280 434
   558	281 756
   559	281 896
   560	281 897
   561	282 283
   562	282 555
   563	284 285
   564	284 291
   565	284 296
   566	284 297
   567	284 310
   568	284 404
   569	284 405
   570	284 847
   571	284 848
   572	285 286
   573	286 287
   574	287 865
   575	288 289
   576	289 290
   577	291 292
   578	292 293
   579	292 435
   580	293 294
   581	294 295
   582	297 298
   583	297 865
   584	297 866
   585	298 782
   586	298 783
   587	299 300
   588	299 314
   589	299 474
   590	300 301
   591	301 302
   592	302 303
   593	303 304
   594	304 305
   595	304 519
   596	304 520
   597	305 306
   598	305 942
   599	306 307
   600	307 308
   601	308 309
   602	310 311
   603	311 312
   604	312 313
   605	312 435
   606	313 314
   607	313 321
   608	314 315
   609	315 316
   610	316 317
   611	316 522
   612	317 318
   613	317 945
   614	319 320
   615	319 406
   616	319 407
   617	320 321
   618	320 866
   619	320 867
   620	321 322
   621	321 436
   622	322 323
   623	323 324
   624	324 325
   625	325 326
   626	326 327
   627	327 328
   628	328 523
   629	329 330
   630	329 407
   631	329 408
   632	330 331
   633	331 332
   634	332 333
   635	333 334
   636	334 335
   637	334 343
   638	335 336
   639	335 870
   640	336 337
   641	336 444
   642	337 338
   643	337 443
   644	337 954
   645	338 339
   646	338 954
   647	339 340
   648	339 531
   649	339 532
   650	339 957
   651	341 342
   652	341 350
   653	341 408
   654	341 854
   655	342 343
   656	342 976
   657	343 344
   658	343 351
   659	344 345
   660	345 346
   661	346 347
   662	346 445
   663	346 965
   664	347 348
   665	347 444
   666	347 956
   667	348 349
   668	350 351
   669	351 352
   670	351 977
   671	352 353
   672	353 354
   673	353 449
   674	353 450
   675	355 356
   676	357 358
   677	358 359
   678	359 360
   679	360 361
   680	361 362
   681	361 611
   682	361 612
   683	362 363
   684	363 364
   685	364 800
   686	364 801
   687	365 366
   688	366 367
   689	367 382
   690	367 590
   691	368 369
   692	369 370
   693	369 840
   694	370 371
   695	370 623
   696	373 374
   697	373 793
   698	375 376
   699	375 831
   700	375 832
   701	376 796
   702	376 797
   703	377 378
   704	377 711
   705	377 998
   706	377 1006
   707	379 380
   708	379 986
   709	380 381
   710	381 382
   711	383 384
   712	384 385
   713	385 386
   714	386 387
   715	387 388
   716	389 390
   717	389 861
   718	390 391
   719	390 855
   720	392 393
   721	394 395
   722	394 987
   723	395 396
   724	396 397
   725	397 669
   726	398 399
   727	399 682
   728	400 401
   729	400 424
   730	401 402
   731	401 731
   732	401 732
   733	401 1019
   734	402 403
   735	402 452
   736	402 475
   737	403 404
   738	403 1008
   739	405 406
   740	407 851
   741	409 410
   742	409 862
   743	409 1024
   744	410 411
   745	411 412
   746	412 1014
   747	413 414
   748	413 876
   749	413 1029
   750	414 1015
   751	415 416
   752	416 417
   753	416 669
   754	416 670
   755	416 883
   756	417 418
   757	418 419
   758	419 420
   759	420 421
   760	421 422
   761	421 690
   762	421 691
   763	422 683
   764	424 425
   765	424 712
   766	425 426
   767	426 427
   768	428 429
   769	428 732
   770	428 733
   771	429 430
   772	429 732
   773	429 1016
   774	430 431
   775	431 432
   776	432 433
   777	432 465
   778	432 1019
   779	433 434
   780	433 1020
   781	434 468
   782	436 437
   783	437 438
   784	438 439
   785	439 440
   786	439 523
   787	439 950
   788	440 441
   789	440 527
   790	440 528
   791	440 950
   792	441 442
   793	442 443
   794	442 953
   795	445 446
   796	445 969
   797	446 447
   798	447 448
   799	448 449
   800	448 973
   801	450 451
   802	452 453
   803	453 478
   804	453 479
   805	453 885
   806	454 874
   807	454 881
   808	454 885
   809	455 456
   810	455 882
   811	456 457
   812	458 459
   813	459 687
   814	459 688
   815	459 694
   816	460 461
   817	460 1045
   818	461 462
   819	461 1018
   820	462 463
   821	462 464
   822	462 717
   823	462 735
   824	463 464
   825	464 465
   826	464 1047
   827	465 466
   828	465 748
   829	467 468
   830	468 469
   831	468 1067
   832	469 470
   833	470 471
   834	470 896
   835	470 1068
   836	471 472
   837	472 473
   838	473 474
   839	473 899
   840	475 476
   841	476 477
   842	477 478
   843	477 900
   844	478 479
   845	479 620
   846	480 481
   847	481 482
   848	482 483
   849	482 628
   850	483 484
   851	484 485
   852	486 487
   853	487 488
   854	487 672
   855	488 489
   856	489 490
   857	489 675
   858	490 491
   859	490 674
   860	491 492
   861	491 494
   862	491 495
   863	492 493
   864	497 696
   865	497 893
   866	498 499
   867	499 500
   868	499 689
   869	499 698
   870	500 501
   871	502 503
   872	503 504
   873	503 1046
   874	504 505
   875	504 737
   876	504 738
   877	504 749
   878	504 910
   879	505 506
   880	505 750
   881	505 1052
   882	506 507
   883	506 751
   884	507 508
   885	508 509
   886	508 752
   887	508 753
   888	508 1048
   889	509 1053
   890	510 511
   891	510 758
   892	511 512
   893	512 513
   894	512 554
   895	512 759
   896	513 1095
   897	514 515
   898	514 558
   899	515 516
   900	515 785
   901	516 517
   902	516 1108
   903	517 518
   904	518 519
   905	520 521
   906	521 522
   907	523 524
   908	523 951
   909	524 525
   910	525 526
   911	526 527
   912	528 529
   913	529 530
   914	530 531
   915	532 533
   916	532 959
   917	533 534
   918	534 956
   919	535 536
   920	535 591
   921	536 1139
   922	537 621
   923	537 622
   924	538 539
   925	538 1110
   926	539 540
   927	540 1112
   928	541 542
   929	543 544
   930	543 545
   931	544 545
   932	545 699
   933	545 702
   934	547 548
   935	548 549
   936	548 910
   937	549 550
   938	550 551
   939	550 741
   940	550 742
   941	550 753
   942	552 553
   943	553 554
   944	554 760
   945	555 556
   946	556 557
   947	557 558
   948	559 560
   949	559 593
   950	559 594
   951	561 562
   952	562 911
   953	563 564
   954	563 745
   955	563 746
   956	563 1154
   957	564 565
   958	565 566
   959	566 567
   960	566 580
   961	567 568
   962	567 775
   963	568 569
   964	569 570
   965	570 571
   966	572 573
   967	574 575
   968	575 576
   969	575 1150
   970	577 931
   971	577 1164
   972	578 766
   973	578 767
   974	579 580
   975	580 581
   976	580 1155
   977	581 582
   978	581 775
   979	581 928
   980	582 583
   981	583 584
   982	584 585
   983	586 587
   984	587 588
   985	587 812
   986	587 820
   987	588 589
   988	589 590
   989	591 592
   990	592 593
   991	593 918
   992	594 595
   993	595 596
   994	597 598
   995	597 884
   996	598 1072
   997	598 1073
   998	600 601
   999	600 819
  1000	600 829
  1001	600 830
  1002	601 602
  1003	602 603
  1004	603 604
  1005	603 985
  1006	604 605
  1007	604 634
  1008	605 606
  1009	606 607
  1010	607 608
  1011	608 609
  1012	608 800
  1013	609 610
  1014	612 613
  1015	613 614
  1016	614 615
  1017	614 716
  1018	615 616
  1019	617 618
  1020	618 619
  1021	619 1139
  1022	620 621
  1023	623 624
  1024	623 841
  1025	624 625
  1026	625 626
  1027	626 627
  1028	628 862
  1029	629 902
  1030	633 842
  1031	633 991
  1032	633 992
  1033	634 635
  1034	635 636
  1035	636 637
  1036	637 638
  1037	638 639
  1038	639 640
  1039	641 642
  1040	642 643
  1041	643 644
  1042	643 984
  1043	644 645
  1044	646 647
  1045	647 648
  1046	649 650
  1047	650 651
  1048	651 652
  1049	651 813
  1050	653 654
  1051	654 655
  1052	655 656
  1053	657 658
  1054	658 659
  1055	659 660
  1056	660 661
  1057	661 662
  1058	662 663
  1059	663 664
  1060	664 665
  1061	665 824
  1062	666 667
  1063	667 668
  1064	671 672
  1065	671 673
  1066	673 674
  1067	674 890
  1068	675 676
  1069	676 677
  1070	679 680
  1071	680 681
  1072	682 683
  1073	682 1026
  1074	683 684
  1075	683 692
  1076	684 685
  1077	685 686
  1078	686 687
  1079	686 887
  1080	687 1030
  1081	688 689
  1082	688 1043
  1083	691 692
  1084	692 693
  1085	693 886
  1086	693 887
  1087	694 695
  1088	696 697
  1089	696 1081
  1090	697 698
  1091	698 699
  1092	698 700
  1093	698 907
  1094	698 908
  1095	699 700
  1096	701 702
  1097	702 1082
  1098	703 704
  1099	704 705
  1100	705 706
  1101	706 707
  1102	707 708
  1103	709 710
  1104	709 809
  1105	709 811
  1106	710 810
  1107	711 728
  1108	711 845
  1109	711 846
  1110	712 713
  1111	713 714
  1112	714 715
  1113	715 1031
  1114	717 736
  1115	720 721
  1116	721 722
  1117	722 723
  1118	722 1092
  1119	723 724
  1120	724 725
  1121	725 726
  1122	725 1091
  1123	725 1116
  1124	726 727
  1125	728 729
  1126	728 1009
  1127	728 1010
  1128	729 730
  1129	729 859
  1130	733 734
  1131	734 735
  1132	736 737
  1133	738 739
  1134	739 740
  1135	739 752
  1136	739 910
  1137	740 741
  1138	743 744
  1139	744 745
  1140	745 755
  1141	746 747
  1142	748 749
  1143	749 750
  1144	751 752
  1145	752 753
  1146	754 755
  1147	756 757
  1148	757 758
  1149	758 759
  1150	758 1069
  1151	760 761
  1152	761 762
  1153	762 763
  1154	763 764
  1155	764 765
  1156	765 766
  1157	766 922
  1158	767 768
  1159	768 769
  1160	768 935
  1161	768 1156
  1162	768 1157
  1163	769 770
  1164	770 771
  1165	771 772
  1166	772 773
  1167	773 774
  1168	776 777
  1169	777 778
  1170	778 779
  1171	779 780
  1172	781 782
  1173	781 897
  1174	781 898
  1175	783 784
  1176	784 785
  1177	786 787
  1178	787 788
  1179	788 789
  1180	789 790
  1181	790 791
  1182	791 792
  1183	792 949
  1184	793 794
  1185	794 795
  1186	795 796
  1187	795 844
  1188	797 798
  1189	798 799
  1190	799 800
  1191	801 802
  1192	802 807
  1193	803 804
  1194	804 805
  1195	805 806
  1196	806 807
  1197	808 809
  1198	809 810
  1199	813 814
  1200	814 815
  1201	815 816
  1202	816 817
  1203	817 818
  1204	818 819
  1205	821 822
  1206	822 823
  1207	824 825
  1208	825 826
  1209	826 827
  1210	827 828
  1211	828 829
  1212	829 983
  1213	830 831
  1214	832 833
  1215	835 836
  1216	836 837
  1217	838 839
  1218	839 840
  1219	842 987
  1220	843 993
  1221	846 847
  1222	846 996
  1223	846 997
  1224	848 849
  1225	849 850
  1226	850 851
  1227	851 852
  1228	852 853
  1229	853 854
  1230	856 857
  1231	857 858
  1232	859 860
  1233	862 1027
  1234	867 868
  1235	868 869
  1236	869 870
  1237	871 872
  1238	872 873
  1239	873 874
  1240	874 875
  1241	874 1028
  1242	876 877
  1243	877 878
  1244	878 879
  1245	880 881
  1246	882 883
  1247	884 885
  1248	884 1023
  1249	891 892
  1250	892 893
  1251	893 1044
  1252	894 895
  1253	894 1065
  1254	894 1066
  1255	895 896
  1256	896 1064
  1257	896 1069
  1258	898 899
  1259	900 901
  1260	902 903
  1261	903 904
  1262	905 906
  1263	907 1082
  1264	908 909
  1265	911 912
  1266	913 914
  1267	915 916
  1268	916 917
  1269	918 919
  1270	918 1128
  1271	918 1129
  1272	919 920
  1273	919 1131
  1274	920 921
  1275	922 923
  1276	924 925
  1277	925 926
  1278	926 927
  1279	928 929
  1280	929 930
  1281	933 934
  1282	935 936
  1283	936 937
  1284	938 939
  1285	939 940
  1286	940 941
  1287	942 943
  1288	943 944
  1289	945 946
  1290	946 947
  1291	947 948
  1292	948 949
  1293	950 952
  1294	954 955
  1295	955 956
  1296	957 958
  1297	958 959
  1298	959 960
  1299	959 962
  1300	960 961
  1301	962 963
  1302	963 964
  1303	965 966
  1304	965 968
  1305	966 967
  1306	968 969
  1307	969 970
  1308	971 972
  1309	974 975
  1310	974 978
  1311	975 976
  1312	979 980
  1313	980 981
  1314	981 982
  1315	982 983
  1316	984 985
  1317	987 988
  1318	988 989
  1319	990 991
  1320	993 994
  1321	995 996
  1322	995 1010
  1323	998 999
  1324	998 1001
  1325	998 1002
  1326	999 1000
  1327	1002 1003
  1328	1003 1004
  1329	1004 1005
  1330	1006 1007
  1331	1011 1012
  1332	1011 1013
  1333	1014 1015
  1334	1016 1017
  1335	1017 1018
  1336	1019 1020
  1337	1021 1022
  1338	1024 1025
  1339	1025 1026
  1340	1031 1033
  1341	1034 1035
  1342	1038 1039
  1343	1040 1041
  1344	1041 1042
  1345	1046 1047
  1346	1049 1050
  1347	1050 1051
  1348	1054 1055
  1349	1055 1056
  1350	1056 1057
  1351	1057 1058
  1352	1058 1059
  1353	1059 1060
  1354	1061 1062
  1355	1062 1063
  1356	1063 1064
  1357	1066 1067
  1358	1070 1071
  1359	1073 1074
  1360	1074 1075
  1361	1076 1077
  1362	1079 1080
  1363	1084 1085
  1364	1085 1086
  1365	1086 1087
  1366	1087 1088
  1367	1088 1089
  1368	1089 1090
  1369	1090 1091
  1370	1090 1115
  1371	1093 1094
  1372	1095 1096
  1373	1097 1098
  1374	1098 1099
  1375	1099 1100
  1376	1100 1101
  1377	1101 1102
  1378	1102 1103
  1379	1103 1104
  1380	1104 1105
  1381	1105 1106
  1382	1107 1108
  1383	1109 1111
  1384	1113 1114
  1385	1116 1117
  1386	1117 1118
  1387	1118 1119
  1388	1118 1124
  1389	1119 1120
  1390	1120 1121
  1391	1121 1122
  1392	1122 1123
  1393	1127 1128
  1394	1129 1130
  1395	1129 1140
  1396	1131 1132
  1397	1132 1133
  1398	1132 1142
  1399	1133 1134
  1400	1134 1135
  1401	1135 1136
  1402	1137 1138
  1403	1141 1142
  1404	1145 1146
  1405	1147 1148
  1406	1151 1152
  1407	1155 1156
  1408	1158 1159
  1409	1160 1161
  1410	1162 1163
  1411	1164 1165
  1412	1165 1166
  1413	1167 1168
  1414	1168 1169
  1415	1169 1170
  1416	1171 1172
  1417	1173 1174
